w: [9.89429417]
b: [1.74960232]
